32
8 3 3 3 3 3 3 3 3
AND	9 12 15 25 17 26 28 18 19 29 14 4 24 10 11 5 8 1 31 0 2 6 7 3 16 20 21 22 23 30 27 13
BIM	22 29 14 30 4 0 16 17 23 8 9 24 31 2 3 25 12 20 21 13 15 18 28 19 1 7 10 11 26 5 6 27
DAC	13 14 4 7 5 2 27 6 18 22 1 28 16 29 8 17 23 25 12 19 20 21 15 30 31 0 9 10 11 3 26 24
IMA	9 18 23 19 10 25 26 7 27 13 21 14 12 24 6 1 31 8 0 2 17 29 15 4 5 11 30 20 3 16 28 22
RES	13 22 30 31 2 0 23 17 18 24 12 9 10 14 15 5 29 6 16 19 20 11 26 21 1 7 25 8 27 3 4 28
SAR	4 5 2 3 24 11 26 13 14 29 8 16 17 15 30 20 21 25 12 31 18 19 0 9 10 22 23 27 6 28 7 1
SESI	23 28 10 11 3 25 13 17 29 18 14 15 4 30 5 7 8 1 31 6 9 12 26 27 24 0 2 16 19 20 21 22
SFPN	11 26 30 15 18 31 2 3 4 0 23 22 29 25 12 13 27 28 14 24 19 20 21 1 5 16 17 8 10 6 7 9
STL	19 20 4 3 22 23 15 30 27 6 7 1 28 5 13 2 29 8 16 17 10 11 18 21 25 12 14 31 0 9 24 26
